known-answer checks OK
 b  P   Q  j  h  A(pred)  B(pred) |   N        |untw|     EULER     ratio    argdiff   |twisted|   a_fit
 3  2   2  1  1   1.7643   1.8557 |     10000  0.298475  0.041214   7.242    1.5719   0.047443
                                         |    100000  0.217186  0.027847   7.799    1.8576   0.028714
                                         |   1000000  0.157975  0.020197   7.822    2.0614   0.017351
                                         |   4000000  0.131482  0.017062   7.706    2.1531   0.013094   a=1.63/2.57
 3  2   2  1  2   2.4462   0.7996 |     10000  0.096738  0.003681  26.278   -1.9955   0.027335
                                         |    100000  0.049968  0.002138  23.376   -1.9987   0.011553
                                         |   1000000  0.027889  0.001369  20.367   -1.9727   0.004199
                                         |   4000000  0.020968  0.001084  19.347   -1.9438   0.002365   a=3.07/4.89
 4  3   6  1  1   1.0813   1.5134 |     10000  0.597367  0.182205   3.279    0.6321   0.011629
                                         |    100000  0.516537  0.143290   3.605    0.7659   0.008291
                                         |   1000000  0.445406  0.117686   3.785    0.8669   0.004765
                                         |   4000000  0.408329  0.106128   3.848    0.9147   0.003412   a=0.76/2.45
 4  3   6  3  1   1.0813   1.5134 |     10000  0.597367  0.182205   3.279    0.6321   0.062978
                                         |    100000  0.516537  0.143290   3.605    0.7659   0.045622
                                         |   1000000  0.445406  0.117686   3.785    0.8669   0.033080
                                         |   4000000  0.408329  0.106128   3.848    0.9147   0.027493   a=0.76/1.65
 4  3   6  1  3   1.6633   0.3123 |     10000  0.404970  0.055792   7.259   -0.5003   0.017929
                                         |    100000  0.314744  0.038553   8.164   -0.5501   0.010670
                                         |   1000000  0.245192  0.028480   8.609   -0.5822   0.004939
                                         |   4000000  0.212560  0.024293   8.750   -0.5981   0.003436   a=1.28/3.34
 5  3   6  1  1   0.7237   1.2626 |     10000  0.724807  0.322578   2.247    0.3114   0.010193
                                         |    100000  0.662628  0.274660   2.413    0.3879   0.006936
                                         |   1000000  0.604729  0.240754   2.512    0.4455   0.004259
                                         |   4000000  0.573222  0.224659   2.552    0.4729   0.003204   a=0.47/2.31
 3  5  30  7  1   1.7643   1.8557 |     10000  0.456691  0.080225   5.693    1.3539   0.005551
                                         |    100000  0.350575  0.054206   6.467    1.6342   0.000902
                                         |   1000000  0.270146  0.039314   6.871    1.8509   0.000626
                                         |   4000000  0.231066  0.033212   6.957    1.9521   0.000533   a=1.35/4.60


