g=14: M(g,1) = 104 (digit 13); per-digit [104, 48, 88, 53, 72, 40, 49, 49, 40, 72, 53, 88, 48, 104]  [1.3s]
g=15: M(g,1) = 126 (digit 14); per-digit [126, 65, 108, 55, 50, 91, 49, 64, 49, 91, 50, 55, 108, 65, 126]  [2.0s]
g=16: M(g,1) = 120 (digit 15); per-digit [120, 56, 104, 59, 88, 50, 72, 56, 56, 72, 50, 88, 59, 104, 56, 120]  [2.5s]
g=17: M(g,1) = 64 (digit 12); per-digit [63, 63, 60, 55, 64, 52, 55, 49, 38, 49, 55, 52, 64, 55, 60, 63, 63]  [2.2s]
g=18: M(g,1) = 272 (digit 17); per-digit [272, 128, 135, 168, 117, 96, 132, 80, 128, 128, 80, 132, 96, 117, 168, 135, 128, 272]  [13.4s]
g=19: M(g,1) = 80 (digit 18); per-digit [80, 70, 67, 66, 71, 65, 71, 74, 56, 47, 56, 74, 71, 65, 71, 66, 67, 70, 80]  [5.1s]
g=20: M(g,1) = 304 (digit 19); per-digit [304, 144, 170, 129, 150, 224, 130, 85, 131, 144, 144, 131, 85, 130, 224, 150, 129, 170, 144, 304]  [24.0s]
g=21: M(g,1) = 224 (digit 20); per-digit [224, 171, 68, 153, 116, 135, 108, 117, 146, 109, 91, 109, 146, 117, 108, 135, 116, 153, 68, 171, 224]  [18.1s]
g=22: M(g,1) = 336 (digit 21); per-digit [336, 160, 209, 288, 187, 177, 165, 224, 156, 120, 160, 160, 120, 156, 224, 165, 177, 187, 288, 209, 160, 336]  [49.1s]
g=23: M(g,1) = 120 (digit 22); per-digit [120, 110, 106, 101, 100, 102, 116, 91, 109, 105, 97, 68, 97, 105, 109, 91, 116, 102, 100, 101, 106, 110, 120]  [23.0s]
g=24: M(g,1) = 414 (digit 23); per-digit [414, 198, 252, 320, 342, 116, 272, 159, 270, 224, 195, 198, 198, 195, 224, 270, 159, 272, 116, 342, 320, 252, 198, 414]  [112.2s]
g=25: M(g,1) = 189 (digit 24); per-digit [189, 132, 120, 140, 120, 119, 131, 119, 114, 126, 116, 112, 105, 112, 116, 126, 114, 119, 131, 119, 120, 140, 120, 132, 189]  [52.7s]
g=26: M(g,1) = 400 (digit 25); per-digit [400, 192, 368, 169, 273, 320, 263, 288, 221, 149, 240, 143, 192, 192, 143, 240, 149, 221, 288, 263, 320, 273, 169, 368, 192, 400]  [181.2s]
g=27: M(g,1) = 375 (digit 26); per-digit [375, 225, 122, 207, 292, 191, 195, 198, 234, 153, 147, 332, 169, 157, 169, 332, 147, 153, 234, 198, 195, 191, 292, 207, 122, 225, 375]  [144.1s]
g=28: M(g,1) = 500 (digit 27); per-digit [500, 216, 400, 195, 368, 176, 294, 341, 266, 288, 313, 256, 238, 216, 216, 238, 256, 313, 288, 266, 341, 294, 176, 368, 195, 400, 216, 500]  [310.7s]
g=29: M(g,1) = 192 (digit 28); per-digit [192, 165, 180, 157, 167, 163, 151, 179, 175, 167, 181, 167, 171, 161, 107, 161, 171, 167, 181, 167, 175, 179, 151, 163, 167, 157, 180, 165, 192]  [139.6s]
